0 0.21584758987544636 0.6484808941731982 0.1356715159513554
1 0.23253415675846942 0.6287038276585403 0.13876201558299028
1 0.2336371614826638 0.628083637576498 0.13827920094083823
2 0.23474379790382577 0.6274630254035548 0.13779317669261937
2 0.18939645855988868 0.6848508084644276 0.1257527329756838
3 0.20750974749921344 0.6623616042956728 0.13012864820511372
3 0.18444801289577237 0.6926141503508488 0.12293783675337877
4 0.20230272421541182 0.6816102927412946 0.11608698304329357
4 0.20330031529362796 0.6810336398826964 0.1156660448236757
5 0.1970990632008445 0.6894172594278611 0.11348367737129439
5 0.19514582594515328 0.6814013938949652 0.12345278015988148
6 0.21215910793738263 0.6606531098765228 0.1271877821860946
6 0.2515691961764376 0.6140158660104151 0.13441493781314728
7 0.23777563371727092 0.6309549481333859 0.13126941814934312
7 0.23242574328201934 0.6380431219159013 0.12953113480207934
8 0.2869787699066865 0.5760948509166206 0.13692637917669281
8 0.2737308456021071 0.5915915301868997 0.13467762421099327
9 0.23899588592225018 0.6323479093134105 0.12865620476433937
9 0.23362695538174563 0.6394246182162809 0.12694842640197346
10 0.354927087147637 0.5203644526113794 0.12470846024098359
10 0.3624055997200287 0.5006999744564662 0.13689442582350508
11 0.38486140380490647 0.4792847781682269 0.13585381802686658
11 0.4318747213911675 0.43537005456235744 0.132755224046475
12 0.4267858435713023 0.4408496859564499 0.13236447047224775
12 0.45931971464713856 0.4117723090160795 0.12890797633678192
13 0.617911766771046 0.2790917748321893 0.10299645839676475
13 0.5273949328869019 0.353701721449247 0.11890334566385113
14 0.5042689191870411 0.37423160326789157 0.12149947754506735
14 0.47888313057984505 0.39721125543372315 0.12390561398643174
15 0.8260480864959343 0.14456101638669003 0.029390897117375664
15 0.7159871370302159 0.20680521587378684 0.07720764709599728
16 0.7190579356685117 0.20501296554749396 0.07592909878399431
16 0.7566778614438098 0.17765472659855 0.06566741195764023
17 0.8219874935752975 0.16294972270901575 0.0150627837156867
17 0.8424714775702039 0.11633139920250186 0.04119712322729423
18 0.9379435137725387 0.048089961312324375 0.013966524915136919
18 0.929910362184453 0.040474593351285865 0.029615044464261137
19 0.9332788470731297 0.0517763698986991 0.014944783028171212
19 0.9331036615075335 0.052054431161569895 0.014841907330896562
20 0.9600886117859215 0.03220254976337419 0.007708838450704282
20 0.9657494025076236 0.0280089612898903 0.006241636202486054
21 0.9650556757815077 0.02862138184768851 0.00632294237080374
21 0.967025244182156 0.027197670861047574 0.005777084956796463
22 0.9436881243358906 0.04493872469046292 0.011373150973646523
22 0.9229562455341722 0.05497692202279838 0.022066832443029406
23 0.9721006879763281 0.02598408425546273 0.0019152277682091788
23 0.9406858973562654 0.03556119730989074 0.02375290533384386
24 0.9641116125403255 0.022212202841947033 0.013676184617727453
24 0.9589388791751711 0.020597365434723482 0.02046375539010545
25 0.9639582897821886 0.027336229292923415 0.008705480924888025
25 0.8326093928912897 0.11783464816693903 0.04955595894177131
26 0.8878536320737643 0.0879796503643724 0.02416671756186327
26 0.9200750424574121 0.06406023486924713 0.015864722673340756
27 0.8005691652572442 0.15389597848168 0.04553485626107581
27 0.7095348316785899 0.22410055118847652 0.0663646171329336
28 0.7864087229363891 0.16543675011463277 0.04815452694897815
28 0.8585020185133829 0.10169543676985676 0.03980254471676031
29 0.973535891968099 0.02099546639013645 0.005468641641764575
29 0.9743757238557796 0.020436163784848038 0.005188112359372322
30 0.9809373746146279 0.01557286347586458 0.0034897619095074876
30 0.9588179088625672 0.03198378052306361 0.009198310614369154
